=== CLOUD FORENSICS EVIDENCE REPORT — PRJN26-141 ===
Scan Time,2026-06-27 11:33:38
Total Files,0
Flagged Files,0
  NEW,0
  MODIFIED,0
  DELETED,0

Status,Filename,File Path,Extension,Size (Bytes),Created,Modified,Accessed,MD5,SHA256
